0.106866011
0.106866024
0.106866026
0.106866030
0.106866033
0.106866037
0.106866045
0.106866056
0.106866057
0.106866058
0.106866058
0.106866059
0.106866061
0.106866064
0.106866065
0.221666771
0.221666773
0.252907629
0.252907646
0.252907652
0.252907656
0.252907667
0.362786647
0.362786648
0.362786658
0.362786660
0.415130401
0.415130401
0.475570746
0.475570760
0.475570763
0.488541953
0.493187765
0.493187774
0.572333523
0.572333525
0.572333530
0.658601889
0.658601911
0.681272160
0.843168537
0.847061069
0.855282117
0.855282117
0.864007515
0.896823275
0.926698267
0.926698268
0.926698286
0.926698286
0.926698288
0.974769627
0.974769639
0.974769640
0.974769646
0.974769653
0.974769654
0.990129273
1.100298164
1.127164158
1.127164160
1.127164165
1.127164171
1.127164180
1.127164181
1.127164193
1.127164199
1.127164203
1.131359902
1.131359909
1.131359910
1.131359914
1.131359918
1.131359919
1.131359920
1.131359933
1.289717953
1.289717963
1.289717971
1.289717984
1.295839533
1.295839571
1.295839587
1.295839587
1.317865961
1.317865973
1.317865977
1.317865979
1.317865983
1.317865984
1.359328783
1.408846848
1.408846857
1.408846862
1.408846876
1.467631770
1.526598246
1.526598260
1.526598273
1.758325756
