0.106866011
0.106866024
0.106866026
0.106866030
0.106866033
0.106866037
0.106866045
0.106866056
0.106866057
0.106866058
0.106866058
0.106866059
0.106866061
0.106866064
0.106866065
0.221666771
0.221666773
0.252907629
0.252907646
0.361826647
0.361826648
0.361826658
0.475250746
0.475250760
0.524049370
0.524049376
0.524049392
0.681272160
0.773121771
0.851012113
0.896823275
0.990129257
0.990129273
1.174175291
1.174175291
1.174175309
1.174175310
1.174175312
1.314499903
1.314499915
1.314499923
1.314499928
1.345042264
1.345042272
